-79 -31 -42 73 -71 -52 84 83 -97 -62 63 72 -83 72 92 -26
-79 7 -17 73 -71 -52 84 83 -97 -62 63 72 -83 72 92 -26
-79 7 -42 -88 -71 -52 84 83 -97 -62 63 72 -83 72 92 -26
-79 7 -42 73 70 -52 84 83 -97 -62 63 72 -83 72 92 -26
-79 7 -42 73 -71 9 84 83 -97 -62 63 72 -83 72 92 -26
-79 7 -42 73 -71 -52 -84 83 -97 -62 63 72 -83 72 92 -26
-79 7 -42 73 -71 -52 84 36 -97 -62 63 72 -83 72 92 -26
-79 7 -42 73 -71 -52 84 83 91 -62 63 72 -83 72 92 -26
-79 7 -42 73 -71 -52 84 83 -97 93 63 72 -83 72 92 -26
-79 7 -42 73 -71 -52 84 83 -97 -62 81 72 -83 72 92 -26
-79 7 -42 73 -71 -52 84 83 -97 -62 63 -85 -83 72 92 -26
-79 7 -42 73 -71 -52 84 83 -97 -62 63 72 84 72 92 -26
-79 7 -42 73 -71 -52 84 83 -97 -62 63 72 -83 -72 92 -26
-79 7 -42 73 -71 -52 84 83 -97 -62 63 72 -83 72 49 -26
-79 7 -42 73 -71 -52 84 83 -97 -62 63 72 -83 72 92 11
-26 -31 -17 73 -71 -52 84 83 -97 -62 63 72 -83 72 92 -26
-26 -31 -42 -88 -71 -52 84 83 -97 -62 63 72 -83 72 92 -26
-26 -31 -42 73 70 -52 84 83 -97 -62 63 72 -83 72 92 -26
-26 -31 -42 73 -71 9 84 83 -97 -62 63 72 -83 72 92 -26
-26 -31 -42 73 -71 -52 -84 83 -97 -62 63 72 -83 72 92 -26
-26 -31 -42 73 -71 -52 84 36 -97 -62 63 72 -83 72 92 -26
-26 -31 -42 73 -71 -52 84 83 91 -62 63 72 -83 72 92 -26
-26 -31 -42 73 -71 -52 84 83 -97 93 63 72 -83 72 92 -26
-26 -31 -42 73 -71 -52 84 83 -97 -62 81 72 -83 72 92 -26
-26 -31 -42 73 -71 -52 84 83 -97 -62 63 -85 -83 72 92 -26
-26 -31 -42 73 -71 -52 84 83 -97 -62 63 72 84 72 92 -26
-26 -31 -42 73 -71 -52 84 83 -97 -62 63 72 -83 -72 92 -26
-26 -31 -42 73 -71 -52 84 83 -97 -62 63 72 -83 72 49 -26
-26 -31 -42 73 -71 -52 84 83 -97 -62 63 72 -83 72 92 11
-26 7 -17 -88 -71 -52 84 83 -97 -62 63 72 -83 72 92 -26
-26 7 -17 73 70 -52 84 83 -97 -62 63 72 -83 72 92 -26
-26 7 -17 73 -71 9 84 83 -97 -62 63 72 -83 72 92 -26
-26 7 -17 73 -71 -52 -84 83 -97 -62 63 72 -83 72 92 -26
-26 7 -17 73 -71 -52 84 36 -97 -62 63 72 -83 72 92 -26
-26 7 -17 73 -71 -52 84 83 91 -62 63 72 -83 72 92 -26
-26 7 -17 73 -71 -52 84 83 -97 93 63 72 -83 72 92 -26
-26 7 -17 73 -71 -52 84 83 -97 -62 81 72 -83 72 92 -26
-26 7 -17 73 -71 -52 84 83 -97 -62 63 -85 -83 72 92 -26
-26 7 -17 73 -71 -52 84 83 -97 -62 63 72 84 72 92 -26
-26 7 -17 73 -71 -52 84 83 -97 -62 63 72 -83 -72 92 -26
-26 7 -17 73 -71 -52 84 83 -97 -62 63 72 -83 72 49 -26
-26 7 -17 73 -71 -52 84 83 -97 -62 63 72 -83 72 92 11
-26 7 -42 -88 70 -52 84 83 -97 -62 63 72 -83 72 92 -26
-26 7 -42 -88 -71 9 84 83 -97 -62 63 72 -83 72 92 -26
-26 7 -42 -88 -71 -52 -84 83 -97 -62 63 72 -83 72 92 -26
-26 7 -42 -88 -71 -52 84 36 -97 -62 63 72 -83 72 92 -26
-26 7 -42 -88 -71 -52 84 83 91 -62 63 72 -83 72 92 -26
-26 7 -42 -88 -71 -52 84 83 -97 93 63 72 -83 72 92 -26
-26 7 -42 -88 -71 -52 84 83 -97 -62 81 72 -83 72 92 -26
-26 7 -42 -88 -71 -52 84 83 -97 -62 63 -85 -83 72 92 -26
-26 7 -42 -88 -71 -52 84 83 -97 -62 63 72 84 72 92 -26
-26 7 -42 -88 -71 -52 84 83 -97 -62 63 72 -83 -72 92 -26
-26 7 -42 -88 -71 -52 84 83 -97 -62 63 72 -83 72 49 -26
-26 7 -42 -88 -71 -52 84 83 -97 -62 63 72 -83 72 92 11
-26 7 -42 73 70 9 84 83 -97 -62 63 72 -83 72 92 -26
-26 7 -42 73 70 -52 -84 83 -97 -62 63 72 -83 72 92 -26
-26 7 -42 73 70 -52 84 36 -97 -62 63 72 -83 72 92 -26
-26 7 -42 73 70 -52 84 83 91 -62 63 72 -83 72 92 -26
-26 7 -42 73 70 -52 84 83 -97 93 63 72 -83 72 92 -26
-26 7 -42 73 70 -52 84 83 -97 -62 81 72 -83 72 92 -26
-26 7 -42 73 70 -52 84 83 -97 -62 63 -85 -83 72 92 -26
-26 7 -42 73 70 -52 84 83 -97 -62 63 72 84 72 92 -26
-26 7 -42 73 70 -52 84 83 -97 -62 63 72 -83 -72 92 -26
-26 7 -42 73 70 -52 84 83 -97 -62 63 72 -83 72 49 -26
-26 7 -42 73 70 -52 84 83 -97 -62 63 72 -83 72 92 11
-26 7 -42 73 -71 9 -84 83 -97 -62 63 72 -83 72 92 -26
-26 7 -42 73 -71 9 84 36 -97 -62 63 72 -83 72 92 -26
-26 7 -42 73 -71 9 84 83 91 -62 63 72 -83 72 92 -26
-26 7 -42 73 -71 9 84 83 -97 93 63 72 -83 72 92 -26
-26 7 -42 73 -71 9 84 83 -97 -62 81 72 -83 72 92 -26
-26 7 -42 73 -71 9 84 83 -97 -62 63 -85 -83 72 92 -26
-26 7 -42 73 -71 9 84 83 -97 -62 63 72 84 72 92 -26
-26 7 -42 73 -71 9 84 83 -97 -62 63 72 -83 -72 92 -26
-26 7 -42 73 -71 9 84 83 -97 -62 63 72 -83 72 49 -26
-26 7 -42 73 -71 9 84 83 -97 -62 63 72 -83 72 92 11
-26 7 -42 73 -71 -52 -84 36 -97 -62 63 72 -83 72 92 -26
-26 7 -42 73 -71 -52 -84 83 91 -62 63 72 -83 72 92 -26
-26 7 -42 73 -71 -52 -84 83 -97 93 63 72 -83 72 92 -26
-26 7 -42 73 -71 -52 -84 83 -97 -62 81 72 -83 72 92 -26
-26 7 -42 73 -71 -52 -84 83 -97 -62 63 -85 -83 72 92 -26
-26 7 -42 73 -71 -52 -84 83 -97 -62 63 72 84 72 92 -26
-26 7 -42 73 -71 -52 -84 83 -97 -62 63 72 -83 -72 92 -26
-26 7 -42 73 -71 -52 -84 83 -97 -62 63 72 -83 72 49 -26
-26 7 -42 73 -71 -52 -84 83 -97 -62 63 72 -83 72 92 11
-26 7 -42 73 -71 -52 84 36 91 -62 63 72 -83 72 92 -26
-26 7 -42 73 -71 -52 84 36 -97 93 63 72 -83 72 92 -26
-26 7 -42 73 -71 -52 84 36 -97 -62 81 72 -83 72 92 -26
-26 7 -42 73 -71 -52 84 36 -97 -62 63 -85 -83 72 92 -26
-26 7 -42 73 -71 -52 84 36 -97 -62 63 72 84 72 92 -26
-26 7 -42 73 -71 -52 84 36 -97 -62 63 72 -83 -72 92 -26
-26 7 -42 73 -71 -52 84 36 -97 -62 63 72 -83 72 49 -26
-26 7 -42 73 -71 -52 84 36 -97 -62 63 72 -83 72 92 11
-26 7 -42 73 -71 -52 84 83 91 93 63 72 -83 72 92 -26
-26 7 -42 73 -71 -52 84 83 91 -62 81 72 -83 72 92 -26
-26 7 -42 73 -71 -52 84 83 91 -62 63 -85 -83 72 92 -26
-26 7 -42 73 -71 -52 84 83 91 -62 63 72 84 72 92 -26
-26 7 -42 73 -71 -52 84 83 91 -62 63 72 -83 -72 92 -26
-26 7 -42 73 -71 -52 84 83 91 -62 63 72 -83 72 49 -26
-26 7 -42 73 -71 -52 84 83 91 -62 63 72 -83 72 92 11
-26 7 -42 73 -71 -52 84 83 -97 93 81 72 -83 72 92 -26
-26 7 -42 73 -71 -52 84 83 -97 93 63 -85 -83 72 92 -26
-26 7 -42 73 -71 -52 84 83 -97 93 63 72 84 72 92 -26
-26 7 -42 73 -71 -52 84 83 -97 93 63 72 -83 -72 92 -26
-26 7 -42 73 -71 -52 84 83 -97 93 63 72 -83 72 49 -26
-26 7 -42 73 -71 -52 84 83 -97 93 63 72 -83 72 92 11
-26 7 -42 73 -71 -52 84 83 -97 -62 81 -85 -83 72 92 -26
-26 7 -42 73 -71 -52 84 83 -97 -62 81 72 84 72 92 -26
-26 7 -42 73 -71 -52 84 83 -97 -62 81 72 -83 -72 92 -26
-26 7 -42 73 -71 -52 84 83 -97 -62 81 72 -83 72 49 -26
-26 7 -42 73 -71 -52 84 83 -97 -62 81 72 -83 72 92 11
-26 7 -42 73 -71 -52 84 83 -97 -62 63 -85 84 72 92 -26
-26 7 -42 73 -71 -52 84 83 -97 -62 63 -85 -83 -72 92 -26
-26 7 -42 73 -71 -52 84 83 -97 -62 63 -85 -83 72 49 -26
-26 7 -42 73 -71 -52 84 83 -97 -62 63 -85 -83 72 92 11
-26 7 -42 73 -71 -52 84 83 -97 -62 63 72 84 -72 92 -26
-26 7 -42 73 -71 -52 84 83 -97 -62 63 72 84 72 49 -26
-26 7 -42 73 -71 -52 84 83 -97 -62 63 72 84 72 92 11
-26 7 -42 73 -71 -52 84 83 -97 -62 63 72 -83 -72 49 -26
-26 7 -42 73 -71 -52 84 83 -97 -62 63 72 -83 -72 92 11
-26 7 -42 73 -71 -52 84 83 -97 -62 63 72 -83 72 49 11
-79 7 -42 73 -71 -52 84 83 -97 -62 63 72 -83 72 92 -26
-26 -31 -42 73 -71 -52 84 83 -97 -62 63 72 -83 72 92 -26
-26 7 -17 73 -71 -52 84 83 -97 -62 63 72 -83 72 92 -26
-26 7 -42 -88 -71 -52 84 83 -97 -62 63 72 -83 72 92 -26
-26 7 -42 73 70 -52 84 83 -97 -62 63 72 -83 72 92 -26
-26 7 -42 73 -71 9 84 83 -97 -62 63 72 -83 72 92 -26
-26 7 -42 73 -71 -52 -84 83 -97 -62 63 72 -83 72 92 -26
-26 7 -42 73 -71 -52 84 36 -97 -62 63 72 -83 72 92 -26
-26 7 -42 73 -71 -52 84 83 91 -62 63 72 -83 72 92 -26
-26 7 -42 73 -71 -52 84 83 -97 93 63 72 -83 72 92 -26
-26 7 -42 73 -71 -52 84 83 -97 -62 81 72 -83 72 92 -26
-26 7 -42 73 -71 -52 84 83 -97 -62 63 -85 -83 72 92 -26
-26 7 -42 73 -71 -52 84 83 -97 -62 63 72 84 72 92 -26
-26 7 -42 73 -71 -52 84 83 -97 -62 63 72 -83 -72 92 -26
-26 7 -42 73 -71 -52 84 83 -97 -62 63 72 -83 72 49 -26
-26 7 -42 73 -71 -52 84 83 -97 -62 63 72 -83 72 92 11
-26 7 -42 73 -71 -52 84 83 -97 -62 63 72 -83 72 92 -26
