-59 35 81 47 82 -38 72 -48 10 -27 64 35 -26 -41 77 3
29 75 -96 49 10 -64 -89 -21 19 -80 -10 -47 19 -15 43 -15
-57 -48 -77 -92 25 -50 50 10 -42 -44 59 -29 23 -23 -80 78
20 5 60 99 73 45 -48 -73 2 -85 -30 -27 70 73 10 79
-49 57 -51 -55 23 8 59 -53 -69 -4 78 35 -6 -5 -64 30
64 -25 81 -82 51 34 25 -48 23 12 52 -31 -80 78 -49 20
41 1 19 -71 67 -99 43 -59 39 -82 -47 -27 63 4 95 76
-29 -63 28 -43 13 61 66 81 -7 -82 13 1 -10 35 -32 79
51 -26 62 84 -95 8 -52 31 68 -88 -3 -24 87 51 -67 -72
-83 -75 -75 -20 -89 -38 4 98 65 -94 57 -95 -77 13 -43 -23
-28 56 51 -39 -89 -8 98 -21 -35 86 -23 -84 7 -13 -73 54
-69 10 81 61 -55 -10 -49 -30 -63 -94 -97 58 43 -44 7 -13
-3 79 53 70 -83 -73 32 65 -4 67 -88 47 50 -40 85 -97
-93 24 65 53 -5 79 77 89 -70 87 -19 64 4 93 -35 81
9 -49 97 -4 -70 -99 15 88 68 94 -76 80 33 19 71 -100
56 97 -35 15 -78 100 61 82 48 96 -1 19 -90 82 -9 85
69 64 -8 24 44 47 74 20 -28 -81 -27 -28 79 67 -9 -57
-87 11 -26 60 86 13 -4 -1 -31 54 22 67 65 -4 54 -62
95 34 -67 13 -61 -86 45 -35 -27 92 -22 -89 34 -61 48 -18
5 -60 -69 73 -97 -13 83 -57 -61 -3 -25 -59 -71 16 -6 -58
13 54 -48 71 -3 -58 41 43 74 94 -12 -98 -22 -49 35 99
2 44 -76 11 -39 21 -49 97 48 -92 -14 52 -64 -41 19 81
11 -46 -41 -34 -17 -22 89 -78 -91 93 -68 20 -92 75 9 5
96 -6 67 -40 70 25 27 91 63 -45 50 100 -1 -16 29 38
-83 -74 -67 -88 39 79 43 35 -21 99 19 -46 17 39 -30 77
86 35 67 -6 -30 100 -65 -85 50 80 89 -63 -20 -56 68 63
-62 56 62 93 66 99 4 -84 63 30 -13 -70 -3 37 -1 71
-21 -77 72 50 -4 -69 6 18 -75 35 -58 98 -43 -51 64 21
-73 -57 -39 -57 -80 -43 72 48 86 12 24 -15 14 17 -22 -13
11 -60 -78 -48 50 -50 -26 33 75 -55 -46 -43 31 39 66 -88
5 -3 -43 -70 8 78 -80 -85 0 -75 -54 -44 -29 10 -64 -51
-43 -99 -80 71 73 -14 29 3 67 28 -51 66 62 50 -96 28
-69 25 92 -84 73 -7 49 46 -22 -78 -71 88 -81 -57 -6 0
-11 21 -26 53 -96 -20 20 -3 -90 -70 6 38 -69 40 -21 -85
-55 0 45 -17 90 29 52 -29 84 -86 46 19 1 70 -30 94
60 -64 90 91 -68 -8 -13 16 -50 27 35 58 -8 -16 -100 -28
-64 41 55 99 0 30 40 -64 -72 -50 -51 92 10 -62 36 32
-62 86 -95 -26 95 -18 60 40 46 87 4 -3 91 70 -93 -39
-29 -21 -79 13 27 85 89 -6 -5 50 -87 -64 79 -28 83 -10
-3 31 -40 -49 76 23 -82 -29 -57 -61 76 -41 -43 -72 84 -32
-92 -48 39 -21 -93 -31 11 77 -21 99 18 -55 -77 -100 92 -49
80 27 74 14 -1 -90 74 -72 66 13 59 88 28 3 -14 -25
-82 6 -100 -30 -52 -46 92 60 -82 48 -65 -2 -16 -95 84 61
-27 -91 -18 67 -7 47 -15 -42 -21 72 -29 -13 -10 -23 -86 -44
-3 22 45 37 82 -8 36 -5 -52 11 -57 8 -5 92 -45 -80
41 -27 77 -36 -52 89 96 -87 -54 79 -6 -65 77 -24 -85 -12
83 -58 7 -51 -95 -96 87 -99 -68 -74 -57 91 30 79 -2 82
35 76 46 32 35 -18 2 31 47 20 58 28 -100 48 -60 -94
-58 -54 77 -58 -65 -90 57 68 99 72 -79 33 52 -21 -84 57
37 95 34 11 62 9 -74 92 -13 -95 63 -44 -77 -18 -22 92
-54 -29 -90 -87 36 -30 -13 -41 29 -75 94 -88 56 -69 -32 56
-3 74 -35 47 99 52 -1 42 86 91 -60 -20 34 25 -16 -97
79 -90 -26 -48 -67 -47 22 -82 -54 21 74 84 34 60 -29 -55
64 -49 44 -35 19 -24 -63 71 -22 98 -47 15 66 -10 -55 89
-73 -49 -82 32 -65 27 -5 30 7 -87 -53 -30 38 -52 31 82
1 42 63 57 -66 -88 53 24 65 -9 -46 -44 30 7 -57 -11
-19 -40 -76 -37 -48 -82 83 -83 -41 -1 -74 -9 -87 -15 71 9
-47 -69 -1 93 34 78 -20 -25 -48 -95 9 98 -42 96 82 -53
28 35 10 99 -33 -87 21 -63 -73 -22 -44 70 -38 -29 -46 91
66 -93 -63 -50 96 71 68 -94 33 -86 -40 40 76 27 82 -19
21 -18 59 -7 49 76 21 56 29 -17 68 -11 -23 51 37 74
-46 -35 75 -35 -17 18 -3 74 13 -45 28 -11 -13 -52 56 -33
-37 99 58 -51 -26 47 22 -61 -73 84 -32 47 -50 69 -91 11
84 -12 65 -81 -83 87 95 -99 1 -81 19 -86 -34 -28 35 -99
37 -34 -1 68 79 -4 -72 -97 -16 36 84 27 1 -49 88 32
17 -32 39 -66 -55 -31 67 23 -89 -8 -67 99 80 69 4 88
-4 85 29 -95 36 1 40 -84 -96 -38 30 98 -27 -66 47 43
63 -20 -85 85 -13 6 0 -89 -20 69 -27 -16 -63 85 -19 99
39 -35 55 5 -54 -63 76 -68 -3 71 86 38 76 -21 -31 98
12 -61 -62 -96 -68 -1 -83 -57 92 -61 5 57 62 65 8 -94
15 -41 -21 -15 35 -42 -62 39 18 -49 54 34 -29 13 -69 -85
78 34 95 -18 80 45 -13 -54 50 -14 48 -64 35 31 23 62
-67 73 -21 14 -96 -48 79 -78 49 54 -93 81 42 31 -47 -62
-35 -5 52 41 -28 94 69 -26 24 9 -52 -60 13 43 -56 96
-69 72 -42 72 -1 -61 -50 -71 -42 70 -22 -3 76 -46 3 -21
-44 -22 -100 -32 20 -9 41 83 -92 -73 -4 57 -76 -93 -10 23
-76 44 87 -3 39 77 81 -95 -84 -47 -73 -75 -37 44 22 -39
62 -14 -50 53 72 34 -9 45 -48 -2 -33 -35 -71 -52 -9 -58
-76 74 -34 -97 43 10 -10 58 31 43 -85 -4 -100 98 -64 -64
16 95 87 66 -1 -44 39 31 -41 100 -44 -30 -42 65 58 83
86 -99 69 63 60 -44 93 -41 -86 -4 -55 -43 -53 45 -94 86
-57 -1 23 -86 -50 25 56 11 -78 -15 -32 -7 78 89 -53 -68
-71 -52 -70 51 20 -68 -1 -51 5 26 68 -93 -3 -77 -57 66
-54 -38 -18 93 -9 14 9 28 -79 34 20 -84 -11 14 99 -85
-28 -10 -90 -34 67 -33 -68 72 -84 -5 94 -76 -43 -96 -90 36
-27 -68 -79 33 54 1 98 73 -2 52 -44 84 -3 80 45 85
32 82 15 55 -14 -81 -40 62 7 -80 -99 -11 29 -44 97 82
-15 -87 -56 12 -99 76 -19 22 12 39 79 22 9 76 42 -98
-40 45 -82 4 93 -92 -33 73 62 49 -39 14 -85 98 57 -69
64 58 14 -69 19 30 -86 99 65 -42 -72 -78 -9 -32 -59 -50
-95 -5 -17 -14 66 86 -40 -100 -46 -35 61 -20 47 61 45 -91
-29 67 6 45 19 -38 77 -61 -49 -8 -70 4 67 -76 -54 -51
22 29 57 21 -9 -9 -54 68 59 1 100 12 96 45 -84 88
0 56 70 49 -33 -3 95 26 -8 -12 -88 82 -5 20 -15 -25
-71 51 5 43 -35 -42 6 92 -99 46 -69 58 15 53 1 2
39 71 68 -79 28 -91 15 85 40 89 42 -44 32 72 -79 60
43 -94 17 -37 -80 -43 29 -64 -47 80 35 47 54 10 -66 -94
52 -46 52 93 85 -54 -18 95 73 -44 -28 -72 83 87 57 -22
61 -87 84 -96 -96 -21 -83 -35 30 32 -23 -58 -15 -21 28 89
79 66 100 82 -22 -77 -1 -57 68 83 28 -46 -52 15 3 -33
